total_quantum,total_classical,kinetic_quantum,kinetic_classical,potential_quantum,potential_classical,time,Layer #
0.5144342433611725,0.514478508115112,0.18234038509573688,0.18237313295015303,0.332094460378622,0.3321053751649588,0.0002,1
2.0586040041111047,2.0586154418802476,0.7089382620626626,0.7089255797539167,1.349665841626479,1.3496898621263302,0.0002,2
6.950975169628523,6.9505687293744,3.7208773456358495,3.720594123949729,3.2300977241355926,3.229974605424671,0.0002,3
6.504403520487099,6.504147211947002,3.7536198429779932,3.7534750919102944,2.7507835921377866,2.7506721200367084,0.0002,4
1.4065619944639278,1.4066297480434058,0.4145623918708043,0.4145877401158349,0.9919996803481229,0.9920420079275708,0.0002,5
2.3803247050380554,2.3822203655643337,1.041584277646983,1.042554786929362,1.3387401293531334,1.3396655786349716,0.0004,1
3.487373106897578,3.4877037086792524,1.907054595262576,1.907187530756391,1.5803188020289454,1.5805161779228607,0.0004,2
3.4823490774810644,3.4796406967703852,1.922110173566269,1.920073988879526,1.560239146314016,1.5595667078908586,0.0004,3
3.890346709338151,3.8887945339934347,2.234862348864267,2.234336577348965,1.655484573773774,1.6544579566444697,0.0004,4
3.314697380805864,3.316599166370081,1.6756836639693935,1.6765785844672763,1.639013644159523,1.6400205819028044,0.0004,5
4.255765065832006,4.256009443024439,1.8421727012142015,1.842232317390634,2.4135926364726017,2.413777125633805,0.0006000000000000001,1
3.03151669988128,3.0317398220369394,1.398659607341369,1.3990978157138392,1.6328576851809558,1.6326420063230997,0.0006000000000000001,2
1.6769056440515797,1.6759129555152894,0.9135695085495099,0.9130425970595014,0.7633366273904976,0.7628703584557874,0.0006000000000000001,3
2.7281960830275436,2.7276467026776077,1.4183213408956477,1.4177427777292568,1.3098749220968973,1.3099039249483513,0.0006000000000000001,4
3.3820165824444155,3.3816652859399174,1.7759735028988821,1.7768161732977246,1.6060434505976855,1.604849112642192,0.0006000000000000001,5
4.711808699162297,4.711393375570394,2.5383620674183542,2.5382493340981074,2.173446264611652,2.1731440414722862,0.0008,1
2.9513763464677516,2.9509955508696066,1.479735027907105,1.4804016747626663,1.4716411250204904,1.4705938761069397,0.0008,2
1.311748579550472,1.3118436084481944,0.6441701980576464,0.6444760356072367,0.6675787123865892,0.6673675728409576,0.0008,3
1.9778128673534676,1.9772899882702784,0.7241313592096987,0.7236501950346943,1.253681285974692,1.2536397932355847,0.0008,4
3.6253400229649673,3.62605550835369,1.8771406400899386,1.8772593262806796,1.748199770420792,1.7487961820730107,0.0008,5
4.7118407055542315,4.7106723254760015,2.879663847412604,2.879794084706922,1.8321765554766811,1.8308782407690787,0.001,1
2.6691992698236664,2.6676329578198894,1.0288948541456795,1.0275109703772458,1.640304245474359,1.640121987442644,0.001,2
1.5503101774196724,1.5512115536165443,0.9612836844625209,0.9610124038768609,0.5890267136586355,0.5901991497396832,0.001,3
1.7961103546962296,1.7980439878207826,0.9103346561930885,0.9107307999115564,0.8857755660614398,0.8873131879092256,0.001,4
4.243850129429544,4.2426795400540005,2.1391961942560282,2.1369269652002556,2.1046539448653268,2.1057525748537445,0.001,5
