total_quantum,total_classical,kinetic_quantum,kinetic_classical,potential_quantum,potential_classical,time,Layer #
0,3.029698343912183e-12,0,1.4250769375731697e-14,0,3.0154475745364524e-12,5e-06,1
0,2.6848770025545293e-06,0,8.311520788414103e-09,0,2.6765654817661154e-06,5e-06,2
0,0.02502840479438989,0,0.0005782215851008444,0,0.024450183209289055,5e-06,3
0,4.014430570773609,0,3.927755054235746,0,0.08667551653786282,5e-06,4
0,4.091892178181414,0,3.98284741579422,0,0.10904476238719518,5e-06,5
0,4.054592309892045,0,3.9828112041445607,0,0.07178110574748454,5e-06,6
0,4.0297908764333705,0,3.927800887960045,0,0.10198998847332538,5e-06,7
0,0.0005571043501887742,0,0.0005444521997838767,0,1.265215040489747e-05,5e-06,8
0,4.106648483759168e-09,0,4.085769593786162e-09,0,2.0878889973004976e-11,5e-06,9
0,1.9211886492926953e-10,0,3.950214287576329e-12,0,1.8816865064169316e-10,1e-05,1
0,1.5106323796733667e-05,0,1.9267748805602268e-07,0,1.4913646308677649e-05,1e-05,2
0,0.09607553856439885,0,0.0019289130896817483,0,0.09414662547471708,1e-05,3
0,3.956860344006075,0,3.6265420675422493,0,0.33031827646382633,1e-05,4
0,4.145300340175657,0,3.7241675451152845,0,0.42113279506037304,1e-05,5
0,3.9999419533491984,0,3.7236075250119205,0,0.27633442833727834,1e-05,6
0,4.016610609360822,0,3.6270509479405137,0,0.38955966142030796,1e-05,7
0,0.0014901415817825394,0,0.0014193520282682938,0,7.078955351424494e-05,1e-05,8
0,7.47213091134507e-08,0,7.324423765060981e-08,0,1.4770714628408865e-09,1e-05,9
0,2.5471086117124505e-09,0,1.3043978456295984e-10,0,2.4166688271494906e-09,1.5000000000000002e-05,1
0,5.8668494467827294e-05,0,1.79530297779526e-06,0,5.687319149003202e-05,1.5000000000000002e-05,2
0,0.20547462591751822,0,0.0064590671885791165,0,0.19901555872893908,1.5000000000000002e-05,3
0,3.8679908027841554,0,3.182182709644886,0,0.6858080931392699,1.5000000000000002e-05,4
0,4.227562380034852,0,3.333626047865944,0,0.8939363321689082,1.5000000000000002e-05,5
0,3.914419518094209,0,3.3309980956657683,0,0.5834214224284405,1.5000000000000002e-05,6
0,3.9963852559846056,0,3.1844336647648332,0,0.8119515912197728,1.5000000000000002e-05,7
0,0.004402267518087801,0,0.004120886676090582,0,0.00028138084199721785,1.5000000000000002e-05,8
0,5.002623337458767e-07,0,4.776467499477099e-07,0,2.2615583798166877e-08,1.5000000000000002e-05,9
0,1.8320251161284895e-08,0,1.849249843093806e-09,0,1.6471001318191092e-08,2e-05,1
0,0.00019469452951365916,0,1.0956023510370625e-05,0,0.0001837385060032885,2e-05,2
0,0.34148991349125013,0,0.016551655643405067,0,0.3249382578478451,2e-05,3
0,3.7569207249493797,0,2.666727732910559,0,1.0901929920388207,2e-05,4
0,4.329638970447221,0,2.864013792552117,0,1.4656251778951037,2e-05,5
0,3.805812810935023,0,2.8565806209867244,0,0.9492321899482984,2e-05,6
0,3.9711674409423083,0,2.6730829577191484,0,1.29808448322316,2e-05,7
0,0.011066887264700107,0,0.010120538088822139,0,0.0009463491758779677,2e-05,8
0,2.3280661081823443e-06,0,2.136989010394762e-06,0,1.9107709778758144e-07,2e-05,9
0,9.647580263692069e-08,0,1.626746951452098e-08,0,8.020833312239968e-08,2.5e-05,1
0,0.000556117596088887,0,4.846237287190192e-05,0,0.0005076552232169849,2.5e-05,2
0,0.49079341886025496,0,0.03394222181333843,0,0.4568511970469166,2.5e-05,3
0,3.6337851824372724,0,2.156485857477262,0,1.4772993249600097,2.5e-05,4
0,4.440817997904053,0,2.374989438831349,0,2.065828559072705,2.5e-05,5
0,3.683938710046589,0,2.3593340488655667,0,1.3246046611810216,2.5e-05,6
0,3.9428954169465023,0,2.170180577694211,0,1.772714839252291,2.5e-05,7
0,0.02349752699531377,0,0.020840828352405447,0,0.002656698642908322,2.5e-05,8
0,8.854951598574824e-06,0,7.72045956088524e-06,0,1.1344920376895838e-06,2.5e-05,9
0,4.1694922715343847e-07,0,1.025150713820278e-07,0,3.144341557714108e-07,3e-05,1
0,0.0013794251269153665,0,0.00016588974113314488,0,0.0012135353857822215,3e-05,2
0,0.6406258428837598,0,0.058995458308273394,0,0.5816303845754865,3e-05,3
0,3.508034611786372,0,1.7160840797023793,0,1.7919505320839928,3e-05,4
0,4.550175597406872,0,1.922835901795848,0,2.627339695611024,3e-05,5
0,3.5596287894208762,0,1.895938550099289,0,1.6636902393215873,3e-05,6
0,3.912825162105477,0,1.740590065005472,0,2.1722350971000055,3e-05,7
0,0.04359354772568566,0,0.03729834174365503,0,0.006295205982030629,3e-05,8
0,2.8889905321700392e-05,0,2.3726695737422392e-05,0,5.163209584278012e-06,3e-05,9
0,1.548802123124853e-06,0,4.990765720162977e-07,0,1.0497255511085557e-06,3.5000000000000004e-05,1
0,0.0030270573600597057,0,0.00046323025013292736,0,0.0025638271099267776,3.5000000000000004e-05,2
0,0.7805499783645693,0,0.09056666306443069,0,0.6899833153001385,3.5000000000000004e-05,3
0,3.387155581510592,0,1.3870671056649129,0,2.000088475845679,3.5000000000000004e-05,4
0,4.647906877095797,0,1.5518021794459744,0,3.0961046976498214,3.5000000000000004e-05,5
0,3.4435633106738557,0,1.512368382368805,0,1.9311949283050518,3.5000000000000004e-05,6
0,3.8811859860980333,0,1.4251681095666,0,2.4560178765314324,3.5000000000000004e-05,7
0,0.07281768184807724,0,0.059904049851282594,0,0.01291363199679464,3.5000000000000004e-05,8
0,8.261945261160851e-05,0,6.367646172774688e-05,0,1.894299088386164e-05,3.5000000000000004e-05,9
0,5.056127150965143e-06,0,1.972750229163271e-06,0,3.083376921801871e-06,4e-05,1
0,0.005991224324802895,0,0.0010983587841146428,0,0.0048928655406882526,4e-05,2
0,0.9034698341216071,0,0.1264730550629499,0,0.7769967790586573,4e-05,3
0,3.276087689117901,0,1.1834871311451491,0,2.092600557972751,4e-05,4
0,4.726315154298241,0,1.2886853309919986,0,3.4376298233062426,4e-05,5
0,3.3450921179024244,0,1.238265772883034,0,2.1068263450193907,4e-05,6
0,3.847157860101772,0,1.2363139988000433,0,2.6108438613017273,4e-05,7
0,0.11196043204518258,0,0.08844460172220468,0,0.023515830322977875,4e-05,8
0,0.0002105064490164805,0,0.00015232003072194087,0,5.818641829453972e-05,4e-05,9
0,1.4719948194179185e-05,0,6.5663036782159546e-06,0,8.153644515963228e-06,4.5e-05,1
0,0.01087308323960151,0,0.0022785689726821127,0,0.008594514266919397,4.5e-05,2
0,1.0058175404263374,0,0.16432858203029158,0,0.8414889583960459,4.5e-05,3
0,3.1773541590082184,0,1.094649418196346,0,2.082704740811871,4.5e-05,4
0,4.780346091869952,0,1.1413990040370463,0,3.638947087832907,4.5e-05,5
0,3.2712092262648946,0,1.0848330612897714,0,2.186376164975123,4.5e-05,6
0,3.809162034389301,0,1.1609722530868456,0,2.648189781302456,4.5e-05,7
0,0.16102497331834006,0,0.12219458126027898,0,0.03883039205806109,4.5e-05,8
0,0.00048475309693875627,0,0.0003305904004303859,0,0.0001541626965083704,4.5e-05,9
0,3.868249296736632e-05,0,1.892288536137544e-05,0,1.9759607605990883e-05,5e-05,1
0,0.018336032083312363,0,0.004230612276850675,0,0.014105419806461687,5e-05,2
0,1.087038416259788,0,0.20234866947901692,0,0.8846897467807711,5e-05,3
0,3.0917174676390355,0,1.0930956870771722,0,1.9986217805618633,5e-05,4
0,4.8076692013954325,0,1.1012629987444136,0,3.7064062026510194,5e-05,5
0,3.225848633908516,0,1.0461281676909298,0,2.1797204662175864,5e-05,6
0,3.7653700113289164,0,1.1691346551622215,0,2.596235356166695,5e-05,7
0,0.2192397314754769,0,0.16007366978558607,0,0.05916606168989081,5e-05,8
0,0.0010216110970225675,0,0.0006609111918381576,0,0.0003606999051844099,5e-05,9
0,9.274856378449446e-05,0,4.824815111522998e-05,0,4.4500412669264473e-05,5.5e-05,1
0,0.02903781264270608,0,0.007156001857384539,0,0.02188181078532155,5.5e-05,2
0,1.1486592093167158,0,0.2397716807085617,0,0.9088875286081541,5.5e-05,3
0,3.0190345337591395,0,1.1446987045562054,0,1.8743358292029333,5.5e-05,4
0,4.8083931213915765,0,1.147915749325834,0,3.6604773720657424,5.5e-05,5
0,3.2096189957700396,0,1.1029466596382513,0,2.1066723361317874,5.5e-05,6
0,3.7142667194987955,0,1.2245913381550089,0,2.489675381343787,5.5e-05,7
0,0.28518211086624407,0,0.20077668115045208,0,0.08440542971579196,5.5e-05,8
0,0.001991618171477425,0,0.0012322806799477627,0,0.0007593374915296625,5.5e-05,9
0,0.000204849637044385,0,0.00011072375886611935,0,9.412587817826566e-05,6e-05,1
0,0.04355210185725912,0,0.011187774373090825,0,0.03236432748416829,6e-05,2
0,1.193272381419023,0,0.27674388188509574,0,0.9165284995339278,6e-05,3
0,2.958974876356419,0,1.2176862701832623,0,1.741288606173157,6e-05,4
0,4.784547714625792,0,1.255298674635962,0,3.52924903998983,6e-05,5
0,3.220013157496644,0,1.2280759795891063,0,1.991937177907538,6e-05,6
0,3.65509351651345,0,1.2945634498532474,0,2.3605300666602025,6e-05,7
0,0.35697946210541365,0,0.2428531170198025,0,0.11412634508561115,6e-05,8
0,0.003624253782714559,0,0.002164228278925455,0,0.0014600255037891046,6e-05,9
0,0.0004203265582355601,0,0.00023189043772301273,0,0.00018843612051254745,6.500000000000001e-05,1
0,0.062292963942830765,0,0.01636655418592202,0,0.045926409756908745,6.500000000000001e-05,2
0,1.2237111779097243,0,0.31377720849332297,0,0.9099339694164009,6.500000000000001e-05,3
0,2.9114232497622794,0,1.2884337122545328,0,1.6229895375077459,6.500000000000001e-05,4
0,4.739498932519744,0,1.3971895469760736,0,3.342309385543671,6.500000000000001e-05,5
0,3.252053822626778,0,1.391678299885346,0,1.860375522741433,6.500000000000001e-05,6
0,3.5880997636873913,0,1.3558633736598968,0,2.232236390027495,6.500000000000001e-05,7
0,0.4325412000894648,0,0.2847624719239845,0,0.14777872816548018,6.500000000000001e-05,8
0,0.006203985321033129,0,0.003608347620711261,0,0.002595637700321868,6.500000000000001e-05,9
0,0.000807249225565966,0,0.00044826266019672465,0,0.00035898656536924127,7.000000000000001e-05,1
0,0.08545806772635067,0,0.022648086033646608,0,0.06280998169270408,7.000000000000001e-05,2
0,1.2425574368139982,0,0.35108110416121746,0,0.8914763326527808,7.000000000000001e-05,3
0,2.8764541414206786,0,1.3433070125702307,0,1.5331471288504475,7.000000000000001e-05,4
0,4.6773731749245,0,1.5511567509664854,0,3.126216423958015,7.000000000000001e-05,5
0,3.299210752096343,0,1.5658013098362107,0,1.733409442260133,7.000000000000001e-05,6
0,3.514505756874508,0,1.396725392143809,0,2.1177803647306988,7.000000000000001e-05,7
0,0.5097822329372692,0,0.324952966369005,0,0.1848292665682643,7.000000000000001e-05,8
0,0.010056359991912902,0,0.005746015584960967,0,0.004310344406951933,7.000000000000001e-05,9
0,0.0014607202254783614,0,0.0008074379482929508,0,0.0006532822771854101,7.500000000000001e-05,1
0,0.11300011740048711,0,0.0299387128658383,0,0.08306140453464879,7.500000000000001e-05,2
0,1.2519838252483018,0,0.3881094569699894,0,0.8638743682783125,7.500000000000001e-05,3
0,2.8540546458778135,0,1.377353137535142,0,1.4767015083426713,7.500000000000001e-05,4
0,4.602589741449919,0,1.7004848983546086,0,2.902104843095311,7.500000000000001e-05,5
0,3.3544282310271862,0,1.7274699007266545,0,1.6269583303005306,7.500000000000001e-05,6
0,3.4362971376815525,0,1.415076025845316,0,2.021221111836236,7.500000000000001e-05,7
0,0.5867977579731154,0,0.3619872120344317,0,0.22481054593868377,7.500000000000001e-05,8
0,0.0155251474456887,0,0.008781303076119872,0,0.006743844369568829,7.500000000000001e-05,9
0,0.0025049845529317803,0,0.0013661637259792633,0,0.0011388208269525165,8e-05,1
0,0.14463307778700674,0,0.03814389802227969,0,0.10648917976472709,8e-05,2
0,1.25382541433782,0,0.4235382586202632,0,0.8302871557175571,8e-05,3
0,2.8437285193002992,0,1.3913647582691049,0,1.452363761031195,8e-05,4
0,4.519478162132814,0,1.8342328793491487,0,2.6852452827836664,8e-05,5
0,3.4110439489148647,0,1.8602254160725964,0,1.5508185328422686,8e-05,6
0,3.3558794617440846,0,1.4148700147817999,0,1.941009446962285,8e-05,7
0,0.6619729482919405,0,0.39469325483661255,0,0.267279693455328,8e-05,8
0,0.02294410910437098,0,0.012929221636983982,0,0.010014887467387002,8e-05,9
0,0.004092492655045787,0,0.0021863058381610657,0,0.0019061868168847224,8.5e-05,1
0,0.17986717164093743,0,0.047206275297519064,0,0.13266089634341835,8.5e-05,2
0,1.2497329574867535,0,0.4556585989700837,0,0.7940743585166696,8.5e-05,3
0,2.844242199525912,0,1.3889986980193414,0,1.4552435015065712,8.5e-05,4
0,4.4319948396456965,0,1.9460924130912012,0,2.485902426554495,8.5e-05,5
0,3.4634766794939327,0,1.954359764533332,0,1.5091169149606014,8.5e-05,6
0,3.275763847512515,0,1.4023795946139481,0,1.873384252898566,8.5e-05,7
0,0.7340182188009512,0,0.4222730831535561,0,0.3117451356473952,8.5e-05,8
0,0.032608048942357075,0,0.018400633119146904,0,0.014207415823210175,8.5e-05,9
0,0.006399523873504299,0,0.0033290872599636683,0,0.003070436613540629,9e-05,1
0,0.218064423799632,0,0.057117955501439235,0,0.16094646829819279,9e-05,2
0,1.241291436932122,0,0.4829717389737204,0,0.7583196979584013,9e-05,3
0,2.853586929536301,0,1.3749531181182548,0,1.4786338114180475,9e-05,4
0,4.343492426230393,0,2.0328416777998766,0,2.3106507484305165,9e-05,5
0,3.5075913834175907,0,2.0062409979838027,0,1.5013503854337877,9e-05,6
0,3.198310288718623,0,1.3836901182899382,0,1.8146201704286853,9e-05,7
0,0.8019483034902398,0,0.44430244365965577,0,0.3576458598305838,9e-05,8
0,0.04474811327996324,0,0.02538602641381228,0,0.019362086866150957,9e-05,9
0,0.00961868444346779,0,0.004848273718543752,0,0.004770410724924039,9.5e-05,1
0,0.2584965661106486,0,0.06790403190078777,0,0.19059253420986083,9.5e-05,2
0,1.2300459510274786,0,0.5046711109583368,0,0.7253748400691417,9.5e-05,3
0,2.869219354706905,0,1.3544116750375756,0,1.5148076796693293,9.5e-05,4
0,4.25656161762653,0,2.0930915004667434,0,2.163470117159786,9.5e-05,5
0,3.5407776886787534,0,2.01718567888874,0,1.5235920097900133,9.5e-05,6
0,3.1256144418923433,0,1.363819317144106,0,1.7617951247482373,9.5e-05,7
0,0.8650227933164054,0,0.4605966425134946,0,0.40442615080291083,9.5e-05,8
0,0.05951357133016344,0,0.03403958579881801,0,0.025473985531345434,9.5e-05,9
0,0.013949163561354156,0,0.00678313681975886,0,0.007166026741595297,0.0001,1
0,0.30039785521997997,0,0.07959534155136483,0,0.22080251366861517,0.0001,2
0,1.2174556711106654,0,0.5207791568687574,0,0.6966765142419077,0.0001,3
0,2.888406529547922,0,1.333179526003071,0,1.555227003544851,0.0001,4
0,4.172915527927711,0,2.1266519245525672,0,2.046263603375144,0.0001,5
0,3.561783187958574,0,1.9921991099684402,0,1.5695840779901336,0.0001,6
0,3.0594297668627357,0,1.3469827059313333,0,1.7124470609314022,0.0001,7
0,0.9226909667482817,0,0.47100179716887625,0,0.45168916957940536,0.0001,8
0,0.07696174513886797,0,0.044463855732088324,0,0.032497889406779626,0.0001,9
