total_quantum,total_classical,kinetic_quantum,kinetic_classical,potential_quantum,potential_classical,time,Layer #
58.38619785765493,58.38247484266048,18.914867674606267,18.912791027335814,39.471328566316195,39.46968381532466,0.0002,1
44.38401604800052,44.383926882870504,7.947896546206041,7.948032603784184,36.43611600626129,36.43589427908633,0.0002,2
2.087027279538073,2.08709688479459,0.8925172105726246,0.8925411246438282,1.1945104671239715,1.1945557601507615,0.0002,3
0.11737457369443587,0.11737573326802903,0.035640491497981056,0.03564269172628447,0.08173200601649291,0.08173304154174454,0.0002,4
0.003394481550173234,0.00339436421922083,0.0006853925109587518,0.0006862170757505844,0.00270849214085237,0.002708147143470245,0.0002,5
53.45979101813541,53.44648029848244,31.433394842669227,31.432705658240003,22.026397862742655,22.01377464024244,0.0004,1
44.23039786381609,44.23612823741196,28.721064725385745,28.720211164905926,15.509334840504863,15.515917072506042,0.0004,2
5.426362276183464,5.428865801779057,2.8907204203078933,2.8919516473557905,2.53564346675845,2.5369141544232683,0.0004,3
1.2654896097983366,1.2663654671218363,0.5489018644796898,0.5494020730990333,0.716587715392896,0.7169633940228031,0.0004,4
0.4373473296709016,0.4374902086021561,0.11060324642243008,0.11064580883648474,0.32674789520215547,0.3268443997656713,0.0004,5
42.631576081242564,42.59788998502223,16.999825297635162,16.993936935570108,25.631750611204605,25.603953049452116,0.0006000000000000001,1
46.88066891449924,46.89404850893307,20.85221398777077,20.86073315437468,26.028453868654832,26.03331535455839,0.0006000000000000001,2
9.81442028632254,9.824726908867115,5.184844627426741,5.185360812796165,4.629576903342333,4.639366096070949,0.0006000000000000001,3
3.5868467996514033,3.590629355190771,2.1781418438632576,2.1810364952294794,1.4087038966888468,1.4095928599612928,0.0006000000000000001,4
1.4378827768888385,1.438945815859624,0.6457369172054254,0.6462280029776637,0.7921487609271369,0.7927178128819604,0.0006000000000000001,5
32.83596476335506,32.81393093773342,19.702745502162,19.70647572775807,13.133219411416299,13.107455209975337,0.0008,1
45.72663942709554,45.70899381185179,25.668564088751445,25.6727016981442,20.05807315887684,20.0362921137076,0.0008,2
14.927526780453702,14.941428444130478,6.0508166229220155,6.041931065162993,8.876710096088324,8.899497378967489,0.0008,3
6.756940855190992,6.768904936190537,3.4981862646858715,3.508695212388953,3.2587540431999846,3.2602097238015824,0.0008,4
2.7647935699941506,2.767224326537091,1.3197320591072816,1.3204850438691336,1.4450634062531469,1.4467392826679573,0.0008,5
26.07420512063644,26.06603477301096,7.721642019477453,7.714032151583632,18.352564159053628,18.352002621427324,0.001,1
36.669099409342195,36.63997852278946,12.993351534940969,12.985879013011948,23.675749367351717,23.654099509777524,0.001,2
22.42431167117807,22.417995271900804,14.625529520696437,14.609795740131744,7.798779459148592,7.808199531769057,0.001,3
12.23226003868902,12.244829374113266,8.472990113350704,8.483356409501006,3.759271018134077,3.76147296461226,0.001,4
4.767174469222882,4.778795313951705,2.4005276573377876,2.4080138427934803,2.366647222637472,2.3707814711582254,0.001,5
