total_quantum,total_classical,kinetic_quantum,kinetic_classical,potential_quantum,potential_classical,time,Layer #
59.54641782648596,59.546415679900136,50.33883138824673,50.33883241351317,9.207583251250933,9.207583266386976,2e-05,1
45.22952660986675,45.229526616298365,42.70252253633964,42.70252392617073,2.5270026634843097,2.527002690127636,2e-05,2
0.20211604135887912,0.2021165856047751,0.19958460163841293,0.1995850009917187,0.0025306929523845165,0.002531584613056421,2e-05,3
1.0664002013779152e-06,1.8386499038347886e-06,1.8521823465680774e-06,1.7283822847434272e-06,5.310698759869122e-08,1.1026761909136115e-07,2e-05,4
4.68592244062749e-08,2.9370561575030143e-11,9.720310371538106e-07,2.830093611643204e-11,1.7974886234730427e-07,1.0696254585981068e-12,2e-05,5
59.07419393598631,59.07418517265034,32.234934577648424,32.234931378595135,26.839260141277986,26.83925379405521,4e-05,1
45.69647211984827,45.696471033292404,36.82799554284587,36.827995807538834,8.868474935917462,8.86847522575356,4e-05,2
0.20738954301061857,0.20738736724334583,0.1984950116865428,0.19849490801680197,0.008892803681103333,0.008892459226543838,4e-05,3
8.294528338300072e-06,8.608557868610037e-06,7.587164832985415e-06,7.570247022120219e-06,4.4367624802585777e-08,1.0383108464898174e-06,4e-05,4
2.900703756644191e-06,1.1780590277636279e-09,1.3059278648139581e-06,1.0049663856949835e-09,1.7173182293368228e-07,1.730926420686442e-10,4e-05,5
58.55128322227807,58.55123441881318,23.254991367790904,23.254995234564348,35.2962897113845,35.29623918424885,6.000000000000001e-05,1
46.20395646799654,46.203953690443015,29.92592851395981,29.92592889450275,16.278026856608918,16.278024795940258,6.000000000000001e-05,2
0.22276778173482803,0.222767242462457,0.20562709588463327,0.2056272139534499,0.017140472480663967,0.0171400285090071,6.000000000000001e-05,3
5.530070546154569e-05,5.5074413661911686e-05,4.4945854696502237e-05,4.383589084246335e-05,1.1521434751464747e-05,1.1238522819448328e-05,6.000000000000001e-05,4
8.218731759174149e-07,2.5185419479357972e-08,1.2620036465485532e-06,1.6990987235492225e-08,1.9337465805034635e-06,8.194432243865748e-09,6.000000000000001e-05,5
58.16642724010995,58.16630760415368,27.831065038390406,27.83103680000492,30.335362897078753,30.335270804148745,8e-05,1
46.55156317011591,46.55155597617381,24.03515326076771,24.035151704800906,22.516410388446157,22.516404271372902,8e-05,2
0.2597964880068622,0.25979657980879794,0.2308970091288491,0.2308968193016311,0.028900342256961135,0.028899760507166836,8e-05,3
0.00027302391085376666,0.00027443588896086885,0.00018937102987562078,0.0001900846662574855,8.454207865495114e-05,8.435122270338337e-05,8e-05,4
1.558920125454242e-06,3.26903532701891e-07,2.1368508146913619e-07,1.6409336319624605e-07,7.604243966233562e-07,1.6281016950564494e-07,8e-05,5
57.99946695307637,57.99916961284629,33.903314106739785,33.90306445327198,24.09615305828842,24.096105159574307,0.0001,1
46.63960195308139,46.63958491363156,19.53687923008448,19.536874386278065,27.102720815989375,27.102710527353487,0.0001,2
0.3379016680792948,0.337902426698082,0.2831478617493286,0.28314897611909245,0.05475314988956648,0.05475345057898959,0.0001,3
0.0010876002069841902,0.0010879929077599305,0.000651871376642757,0.0006513792693185827,0.0004371359961389171,0.0004366136384413477,0.0001,4
4.4642922226948174e-06,2.826930067373081e-06,1.2796792534663903e-06,1.0688923668529388e-06,6.139063653238382e-07,1.7580377005201425e-06,0.0001,5
