total_quantum,total_classical,kinetic_quantum,kinetic_classical,potential_quantum,potential_classical,time,Layer #
4.2086802110973544e-05,4.19424089009885e-05,8.250991758087476e-07,7.196915772884352e-07,4.106041447739475e-05,4.122271732370005e-05,2e-05,1
0.2532669849768128,0.25326733416935726,0.005828310648922722,0.005828260253411455,0.24743914711138226,0.24743907391594577,2e-05,2
8.82275185565599,8.82275172885523,7.451735195839741,7.451734960380657,1.3710168613066231,1.3710167684745755,2e-05,3
8.56484669503376,8.564846689265202,7.5704466782688336,7.570446604459291,0.9944002076916493,0.9944000848059107,2e-05,4
0.004182613216229684,0.004182522314927064,0.003990876548353487,0.0039909976154729404,0.00019161856920322671,0.0001915246994541222,2e-05,5
0.0006976981722586555,0.0006978865869883529,5.345616501721581e-05,5.3319148269833486e-05,0.0006444289176719519,0.0006445674387185194,4e-05,1
0.8435617848180177,0.8435614819511289,0.05195759192181431,0.05195741211547191,0.7916039289531132,0.791604069835657,4e-05,2
8.81573070031891,8.815730625851293,4.466862133617393,4.46686204945885,4.348868971546515,4.348868576392442,4e-05,3
7.950575961443903,7.950575595095719,4.78066450716809,4.780664149626865,3.169911718484275,3.169911445468855,4e-05,4
0.034514695132448064,0.03451481869008191,0.030953920958631198,0.03095388386442164,0.003560869609405468,0.0035609348256602775,4e-05,5
0.005099219779228654,0.005099121512129107,0.0008081224734018996,0.000808234824611164,0.004290853856592299,0.004290886687517942,6.000000000000001e-05,1
1.4133702337967395,1.4133697683285464,0.1650105243956061,0.16501085314225689,1.2483594791750763,1.2483589151862893,6.000000000000001e-05,2
8.772816242972457,8.772814230560524,2.094505497403675,2.0945049311182324,6.678311318877598,6.678309299442293,6.000000000000001e-05,3
7.322148506670736,7.322147009878398,2.3998296089906366,2.39982986580493,4.9223185215498635,4.922317144073467,6.000000000000001e-05,4
0.13152349420057935,0.1315232349611207,0.10680389254203346,0.10680382082716737,0.024719178259042004,0.02471941413395329,6.000000000000001e-05,5
0.021138234536127263,0.02113853342922629,0.004915097329137147,0.004915386614845859,0.016223541066000234,0.016223146814380432,8e-05,1
1.7027005350428939,1.7026998099824222,0.2960981155448458,0.2960977745293996,1.4066027781223167,1.4066020354530224,8e-05,2
8.658481979593448,8.65847719866936,1.5891111876129802,1.5891095356630283,7.069371002333843,7.0693676630063305,8e-05,3
6.947068620698474,6.9470652356818325,1.6108296037845435,1.610828755096254,5.336238698524147,5.336236480585579,8e-05,4
0.31469395555182433,0.31469428240477,0.22661152049114328,0.22661188355331144,0.08808200091377177,0.08808239885145852,8e-05,5
0.05937699719998365,0.05937732629349531,0.01644730063452539,0.016447115814661795,0.042930150447916156,0.042930210478833525,0.0001,1
1.7100728057182366,1.7100717439438062,0.3885434920580452,0.388542926496551,1.3215295385662837,1.321528817447256,0.0001,2
8.455613762282686,8.455594371743814,2.519522337500346,2.5195093513485314,5.936090799151689,5.9360850203952795,0.0001,3
6.856553593919496,6.856539887461805,2.146029119901127,2.146019404996716,4.710524712823751,4.710520482465089,0.0001,4
0.5586702588479157,0.5586707984134895,0.3553402940553184,0.35534039110145177,0.2033296511143741,0.20333040731203791,0.0001,5
